┌─[ice@parrot]─[~/Documents/Programming/University_Code/Programming_in_Octave/Project_0010]
└──╼ $octave Exercise_3_3323_.m
warning: function name 'main' does not agree with function filename '/home/ice/Documents/Programming/University_Code/Programming_in_Octave/Project_0010/Exercise_3_3323_.m'
Ανάλυση για τον πίνακα B:
Πίνακας B =
    1    5   10
    5    1    3
   10    3    1
Συντελεστές χαρακτηριστικού πολυωνύμου:
     1    -3  -131  -167
Ιδιοτιμές του B:
   13.5649
   -9.2312
   -1.3336
Ανάλυση για τον πίνακα A2:
Πίνακας A2 =
  -1   5   2
   5  -1   2
   2   2   2
Ιδιοτιμές του A2:
   6
  -6
   0
Ιδιοδιανύσματα του A2:
  -7.0711e-01  -4.0825e-01  -5.7735e-01
   7.0711e-01  -4.0825e-01  -5.7735e-01
   6.1059e-17   8.1650e-01  -5.7735e-01
Ο A2 είναι διαγωνοποιήσιμος επειδή έχει πλήρες σύνολο γραμμικά ανεξάρτητων ιδιοδιανυσμάτων
Ο πίνακας A2 είναι ιδιομορφικός και δεν μπορεί να αντιστραφεί.
Ιδιοτιμές του A:
  -2.4819
   0.9466
   2.2586
   5.2766
Ιδιοδιανύσματα του A:
  -0.182388   0.952979  -0.168981   0.173237
   0.541147   0.116380  -0.559860  -0.616581
  -0.635052   0.050849   0.212676  -0.740873
   0.520195   0.275138   0.782797  -0.202300
Λύση για το b1:
   1.2500
  -0.2500
   0.2500
   0.2500
Λύση για το b2:
   0.071429
  -0.357143
   0.071429
   0.500000
